{
  "asset": {
    "version": "2.0",
    "generator": "THREE.GLTFExporter"
  },
  "scenes": [
    {
      "name": "Scene",
      "nodes": [
        188
      ]
    }
  ],
  "scene": 0,
  "nodes": [
    {
      "matrix": [
        0.15841239715090163,
        0.02319879392215553,
        0.9871005025719767,
        0,
        0.32153346345374345,
        0.9440189324586,
        -0.07378680063162789,
        0,
        -0.9335533259851869,
        0.32907458633857384,
        0.14208511318225947,
        0,
        2.476426124572754,
        5.270659923553467,
        25.03472137451172,
        1
      ],
      "name": "SilverCamera",
      "extras": {
        "name": "SilverCamera"
      },
      "camera": 0
    },
    {
      "matrix": [
        1,
        0,
        0,
        0,
        0,
        1,
        0,
        0,
        0,
        0,
        1,
        0,
        -6,
        1.5,
        0,
        1
      ],
      "name": "Cube002",
      "extras": {
        "name": "Cube.002"
      }
    },
    {
      "matrix": [
        1,
        0,
        0,
        0,
        0,
        1,
        0,
        0,
        0,
        0,
        1,
        0,
        10,
        1.5,
        0,
        1
      ],
      "name": "Cube007",
      "extras": {
        "name": "Cube.007"
      },
      "mesh": 0
    },
    {
      "name": "Cube004_1",
      "mesh": 1
    },
    {
      "name": "Cube004_2",
      "mesh": 2
    },
    {
      "matrix": [
        1,
        0,
        0,
        0,
        0,
        1,
        0,
        0,
        0,
        0,
        1,
        0,
        10,
        1.4193415641784668,
        28.061023712158203,
        1
      ],
      "name": "Cube021",
      "extras": {
        "name": "Cube.021"
      },
      "children": [
        3,
        4
      ]
    },
    {
      "name": "Cube004_1",
      "mesh": 1
    },
    {
      "name": "Cube004_2",
      "mesh": 2
    },
    {
      "matrix": [
        1,
        0,
        0,
        0,
        0,
        1,
        0,
        0,
        0,
        0,
        1,
        0,
        10,
        1.4193415641784668,
        12.061023712158203,
        1
      ],
      "name": "Cube022",
      "extras": {
        "name": "Cube.022"
      },
      "children": [
        6,
        7
      ]
    },
    {
      "name": "Cube004_1",
      "mesh": 1
    },
    {
      "name": "Cube004_2",
      "mesh": 2
    },
    {
      "matrix": [
        -0.9999999999999998,
        0,
        -3.2584136988589307e-7,
        0,
        0,
        1,
        0,
        0,
        3.2584136988589307e-7,
        0,
        -0.9999999999999998,
        0,
        6.099999904632568,
        1.5075533390045166,
        -0.03897625207901001,
        1
      ],
      "name": "Cube046",
      "extras": {
        "name": "Cube.046"
      },
      "children": [
        9,
        10
      ]
    },
    {
      "matrix": [
        1,
        0,
        0,
        0,
        0,
        1,
        0,
        0,
        0,
        0,
        1,
        0,
        0,
        1.5,
        -4,
        1
      ],
      "name": "Cube003",
      "extras": {
        "name": "Cube.003"
      }
    },
    {
      "matrix": [
        1,
        0,
        0,
        0,
        0,
        1,
        0,
        0,
        0,
        0,
        1,
        0,
        0,
        1.5,
        -6,
        1
      ],
      "name": "Cube004",
      "extras": {
        "name": "Cube.004"
      }
    },
    {
      "matrix": [
        1,
        0,
        0,
        0,
        0,
        1,
        0,
        0,
        0,
        0,
        1,
        0,
        0,
        1.5,
        -8,
        1
      ],
      "name": "Cube005",
      "extras": {
        "name": "Cube.005"
      }
    },
    {
      "name": "Cube006_1",
      "mesh": 3
    },
    {
      "name": "Cube006_2",
      "mesh": 4
    },
    {
      "matrix": [
        1,
        0,
        0,
        0,
        0,
        1,
        0,
        0,
        0,
        0,
        1,
        0,
        10,
        1.5,
        0,
        1
      ],
      "name": "Cube006",
      "extras": {
        "name": "Cube.006"
      },
      "children": [
        15,
        16
      ]
    },
    {
      "name": "Cube003_1",
      "mesh": 5
    },
    {
      "name": "Cube003_2",
      "mesh": 6
    },
    {
      "matrix": [
        -1.3435885655173873e-7,
        0,
        1.0000001343588565,
        0,
        0,
        1,
        0,
        0,
        -1.0000001343588565,
        0,
        -1.3435885655173873e-7,
        0,
        14,
        1.5,
        0,
        1
      ],
      "name": "Cube008",
      "extras": {
        "name": "Cube.008"
      },
      "children": [
        18,
        19
      ]
    },
    {
      "name": "Cube003_1",
      "mesh": 5
    },
    {
      "name": "Cube003_Photo1",
      "mesh": 6
    },
    {
      "matrix": [
        -1.3435885655173873e-7,
        0,
        1.0000001343588565,
        0,
        0,
        1,
        0,
        0,
        -1.0000001343588565,
        0,
        -1.3435885655173873e-7,
        0,
        14,
        1.5,
        4,
        1
      ],
      "name": "Cube009",
      "extras": {
        "name": "Cube.009"
      },
      "children": [
        21,
        22
      ]
    },
    {
      "name": "Cube003_1",
      "mesh": 5
    },
    {
      "name": "Cube003_2",
      "mesh": 6
    },
    {
      "matrix": [
        0.0015603215055829264,
        -0.006074949195624772,
        0.9999804416565985,
        0,
        -0.00013269862306543691,
        0.9999815372249868,
        0.0060751629078550345,
        0,
        -0.9999988855467357,
        -0.00014217523504717422,
        0.0015594865603214005,
        0,
        14,
        1.5,
        8,
        1
      ],
      "name": "Cube010",
      "extras": {
        "name": "Cube.010"
      },
      "children": [
        24,
        25
      ]
    },
    {
      "name": "Cube003_1",
      "mesh": 5
    },
    {
      "name": "Cube003_2",
      "mesh": 6
    },
    {
      "matrix": [
        -0.9998926879220312,
        -0.013642113320127217,
        0.005332576069262431,
        0,
        -0.013624035931339993,
        0.9999013676545482,
        0.003411832953406296,
        0,
        -0.00537859471655819,
        0.0033388156145488044,
        -0.9999799268032709,
        0,
        13.951860427856445,
        1.4772895574569702,
        12.101116180419922,
        1
      ],
      "name": "Cube012",
      "extras": {
        "name": "Cube.012"
      },
      "children": [
        27,
        28
      ]
    },
    {
      "name": "Cube006_1",
      "mesh": 3
    },
    {
      "name": "Cube006_2",
      "mesh": 4
    },
    {
      "matrix": [
        -0.9999999999999998,
        0,
        -3.2584136988589307e-7,
        0,
        0,
        1,
        0,
        0,
        3.2584136988589307e-7,
        0,
        -0.9999999999999998,
        0,
        5.809513092041016,
        1.4199998378753662,
        12.037068367004395,
        1
      ],
      "name": "Cube013",
      "extras": {
        "name": "Cube.013"
      },
      "children": [
        30,
        31
      ]
    },
    {
      "name": "Cube003_1",
      "mesh": 5
    },
    {
      "name": "Cube003_2",
      "mesh": 6
    },
    {
      "matrix": [
        5.399906513625091e-7,
        0,
        -0.9999999657713943,
        0,
        0,
        1,
        0,
        0,
        0.9999999657713943,
        0,
        5.399906513625091e-7,
        0,
        2,
        1.5,
        12,
        1
      ],
      "name": "Cube015",
      "extras": {
        "name": "Cube.015"
      },
      "children": [
        33,
        34
      ]
    },
    {
      "name": "Cube003_1",
      "mesh": 5
    },
    {
      "name": "Cube003_2",
      "mesh": 6
    },
    {
      "matrix": [
        5.399906513625091e-7,
        0,
        -0.9999999657713943,
        0,
        0,
        1,
        0,
        0,
        0.9999999657713943,
        0,
        5.399906513625091e-7,
        0,
        2,
        1.5,
        8,
        1
      ],
      "name": "Cube016",
      "extras": {
        "name": "Cube.016"
      },
      "children": [
        36,
        37
      ]
    },
    {
      "name": "Cube003_1",
      "mesh": 5
    },
    {
      "name": "Cube003_2",
      "mesh": 6
    },
    {
      "matrix": [
        5.399906513625091e-7,
        0,
        -0.9999999657713943,
        0,
        0,
        1,
        0,
        0,
        0.9999999657713943,
        0,
        5.399906513625091e-7,
        0,
        2,
        1.5,
        4,
        1
      ],
      "name": "Cube017",
      "extras": {
        "name": "Cube.017"
      },
      "children": [
        39,
        40
      ]
    },
    {
      "name": "Cube003_1",
      "mesh": 5
    },
    {
      "name": "Cube003_2",
      "mesh": 6
    },
    {
      "matrix": [
        1,
        0,
        0,
        0,
        0,
        1,
        0,
        0,
        0,
        0,
        1,
        0,
        2,
        1.5,
        0,
        1
      ],
      "name": "Cube018",
      "extras": {
        "name": "Cube.018"
      },
      "children": [
        42,
        43
      ]
    },
    {
      "name": "Cube003_1",
      "mesh": 5
    },
    {
      "name": "Cube003_2",
      "mesh": 6
    },
    {
      "matrix": [
        -0.005332500486310328,
        -0.01364211230274029,
        -0.9998927840377237,
        0,
        -0.0034118315528649844,
        0.9999013676951137,
        -0.013624033870350443,
        0,
        0.9999800229046684,
        0.0033388155828744724,
        -0.005378519118681988,
        0,
        9.951860427856445,
        1.4772895574569702,
        16.101116180419922,
        1
      ],
      "name": "Cube011",
      "extras": {
        "name": "Cube.011"
      },
      "children": [
        45,
        46
      ]
    },
    {
      "name": "Cube003_1",
      "mesh": 5
    },
    {
      "name": "Cube003_2",
      "mesh": 6
    },
    {
      "matrix": [
        -0.005332500486310328,
        -0.01364211230274029,
        -0.9998927840377237,
        0,
        -0.0034118315528649844,
        0.9999013676951137,
        -0.013624033870350443,
        0,
        0.9999800229046684,
        0.0033388155828744724,
        -0.005378519118681988,
        0,
        9.951860427856445,
        1.4772895574569702,
        20.101116180419922,
        1
      ],
      "name": "Cube014",
      "extras": {
        "name": "Cube.014"
      },
      "children": [
        48,
        49
      ]
    },
    {
      "name": "Cube003_1",
      "mesh": 5
    },
    {
      "name": "Cube003_2",
      "mesh": 6
    },
    {
      "matrix": [
        -0.005332500486310328,
        -0.01364211230274029,
        -0.9998927840377237,
        0,
        -0.0034118315528649844,
        0.9999013676951137,
        -0.013624033870350443,
        0,
        0.9999800229046684,
        0.0033388155828744724,
        -0.005378519118681988,
        0,
        5.951860427856445,
        1.4772895574569702,
        16.101116180419922,
        1
      ],
      "name": "Cube019",
      "extras": {
        "name": "Cube.019"
      },
      "children": [
        51,
        52
      ]
    },
    {
      "name": "Cube003_1",
      "mesh": 5
    },
    {
      "name": "Cube003_2",
      "mesh": 6
    },
    {
      "matrix": [
        -0.005332500486310328,
        -0.01364211230274029,
        -0.9998927840377237,
        0,
        -0.0034118315528649844,
        0.9999013676951137,
        -0.013624033870350443,
        0,
        0.9999800229046684,
        0.0033388155828744724,
        -0.005378519118681988,
        0,
        5.951860427856445,
        1.4772895574569702,
        20.101116180419922,
        1
      ],
      "name": "Cube020",
      "extras": {
        "name": "Cube.020"
      },
      "children": [
        54,
        55
      ]
    },
    {
      "name": "Cube003_1",
      "mesh": 5
    },
    {
      "name": "Cube003_2",
      "mesh": 6
    },
    {
      "matrix": [
        -1.3435885655173873e-7,
        0,
        1.0000001343588565,
        0,
        0,
        1,
        0,
        0,
        -1.0000001343588565,
        0,
        -1.3435885655173873e-7,
        0,
        14,
        1.5,
        20,
        1
      ],
      "name": "Cube023",
      "extras": {
        "name": "Cube.023"
      },
      "children": [
        57,
        58
      ]
    },
    {
      "name": "Cube003_1",
      "mesh": 5
    },
    {
      "name": "Cube003_2",
      "mesh": 6
    },
    {
      "matrix": [
        -1.3435885655173873e-7,
        0,
        1.0000001343588565,
        0,
        0,
        1,
        0,
        0,
        -1.0000001343588565,
        0,
        -1.3435885655173873e-7,
        0,
        14,
        1.5,
        24,
        1
      ],
      "name": "Cube024",
      "extras": {
        "name": "Cube.024"
      },
      "children": [
        60,
        61
      ]
    },
    {
      "name": "Cube003_1",
      "mesh": 5
    },
    {
      "name": "Cube003_2",
      "mesh": 6
    },
    {
      "matrix": [
        -0.9998926879220312,
        -0.013642113320127217,
        0.005332576069262431,
        0,
        -0.013624035931339993,
        0.9999013676545482,
        0.003411832953406296,
        0,
        -0.00537859471655819,
        0.0033388156145488044,
        -0.9999799268032709,
        0,
        13.951860427856445,
        1.4772895574569702,
        28.101116180419922,
        1
      ],
      "name": "Cube026",
      "extras": {
        "name": "Cube.026"
      },
      "children": [
        63,
        64
      ]
    },
    {
      "name": "Cube006_1",
      "mesh": 3
    },
    {
      "name": "Cube006_2",
      "mesh": 4
    },
    {
      "matrix": [
        -0.9999999999999998,
        0,
        -3.2584136988589307e-7,
        0,
        0,
        1,
        0,
        0,
        3.2584136988589307e-7,
        0,
        -0.9999999999999998,
        0,
        5.809513092041016,
        1.4199998378753662,
        28.037067413330078,
        1
      ],
      "name": "Cube027",
      "extras": {
        "name": "Cube.027"
      },
      "children": [
        66,
        67
      ]
    },
    {
      "name": "Cube003_1",
      "mesh": 5
    },
    {
      "name": "Cube003_2",
      "mesh": 6
    },
    {
      "matrix": [
        5.399906513625091e-7,
        0,
        -0.9999999657713943,
        0,
        0,
        1,
        0,
        0,
        0.9999999657713943,
        0,
        5.399906513625091e-7,
        0,
        2,
        1.5,
        28,
        1
      ],
      "name": "Cube029",
      "extras": {
        "name": "Cube.029"
      },
      "children": [
        69,
        70
      ]
    },
    {
      "name": "Cube003_1",
      "mesh": 5
    },
    {
      "name": "Cube003_2",
      "mesh": 6
    },
    {
      "matrix": [
        5.399906513625091e-7,
        0,
        -0.9999999657713943,
        0,
        0,
        1,
        0,
        0,
        0.9999999657713943,
        0,
        5.399906513625091e-7,
        0,
        2,
        1.5,
        24,
        1
      ],
      "name": "Cube030",
      "extras": {
        "name": "Cube.030"
      },
      "children": [
        72,
        73
      ]
    },
    {
      "name": "Cube003_1",
      "mesh": 5
    },
    {
      "name": "Cube003_2",
      "mesh": 6
    },
    {
      "matrix": [
        1,
        0,
        0,
        0,
        0,
        1,
        0,
        0,
        0,
        0,
        1,
        0,
        2,
        1.4926033020019531,
        20,
        1
      ],
      "name": "Cube032",
      "extras": {
        "name": "Cube.032"
      },
      "children": [
        75,
        76
      ]
    },
    {
      "name": "Cube076",
      "mesh": 7
    },
    {
      "name": "Cube076_1",
      "mesh": 8
    },
    {
      "matrix": [
        -0.9998926879220312,
        -0.013642113320127217,
        0.005332576069262431,
        0,
        -0.013624035931339993,
        0.9999013676545482,
        0.003411832953406296,
        0,
        -0.00537859471655819,
        0.0033388156145488044,
        -0.9999799268032709,
        0,
        12.131452560424805,
        1.4772895574569702,
        19.98720932006836,
        1
      ],
      "name": "Cube045",
      "extras": {
        "name": "Cube.045"
      },
      "children": [
        78,
        79
      ]
    },
    {
      "name": "Cylinder001_1",
      "mesh": 9
    },
    {
      "name": "Cylinder001_2",
      "mesh": 10
    },
    {
      "name": "Cylinder001_3",
      "mesh": 11
    },
    {
      "matrix": [
        0.10511831011440863,
        0.015055448493549645,
        -0.0013659251880670483,
        0,
        -0.04495791666951088,
        0.31392602931755903,
        0.0002906005505632547,
        0,
        0.001365924996012691,
        0.0000973159196737079,
        0.10619092715128586,
        0,
        13.707245826721191,
        1.2697789669036865,
        2.0521302223205566,
        1
      ],
      "name": "Cylinder",
      "extras": {
        "name": "Cylinder"
      },
      "children": [
        81,
        82,
        83
      ]
    },
    {
      "matrix": [
        1,
        0,
        0,
        0,
        0,
        -1.3435885655173873e-7,
        -1.0000001343588565,
        0,
        0,
        1.0000001343588565,
        -1.3435885655173873e-7,
        0,
        13.489156723022461,
        2.289128541946411,
        2.0298984050750732,
        1
      ],
      "name": "Point",
      "extras": {
        "name": "Point"
      },
      "extensions": {
        "KHR_lights_punctual": {
          "light": 0
        }
      }
    },
    {
      "name": "Cylinder001_1",
      "mesh": 9
    },
    {
      "name": "Cylinder001_2",
      "mesh": 10
    },
    {
      "name": "Cylinder001_3",
      "mesh": 11
    },
    {
      "matrix": [
        0.10511831011440863,
        0.015055448493549645,
        -0.0013659251880670483,
        0,
        -0.04495791666951088,
        0.31392602931755903,
        0.0002906005505632547,
        0,
        0.001365924996012691,
        0.0000973159196737079,
        0.10619092715128586,
        0,
        13.707245826721191,
        1.2697789669036865,
        10.108814239501953,
        1
      ],
      "name": "Cylinder002",
      "extras": {
        "name": "Cylinder.002"
      },
      "children": [
        86,
        87,
        88
      ]
    },
    {
      "matrix": [
        1,
        0,
        0,
        0,
        0,
        -1.3435885655173873e-7,
        -1.0000001343588565,
        0,
        0,
        1.0000001343588565,
        -1.3435885655173873e-7,
        0,
        13.573036193847656,
        2.1908211708068848,
        10.105753898620605,
        1
      ],
      "name": "Point002",
      "extras": {
        "name": "Point.002"
      },
      "extensions": {
        "KHR_lights_punctual": {
          "light": 1
        }
      }
    },
    {
      "name": "Cylinder001_1",
      "mesh": 9
    },
    {
      "name": "Cylinder001_2",
      "mesh": 10
    },
    {
      "name": "Cylinder001_3",
      "mesh": 11
    },
    {
      "matrix": [
        -0.09031277904799044,
        0.020815829860125458,
        0.05185264303053227,
        0,
        0.07117755056527976,
        0.3090381838358241,
        -0.00008955874462138567,
        0,
        -0.05053560160321597,
        0.011612480813114357,
        -0.09268059959216324,
        0,
        2.2296395301818848,
        1.2756468057632446,
        5.929629802703857,
        1
      ],
      "name": "Cylinder001",
      "extras": {
        "name": "Cylinder.001"
      },
      "children": [
        91,
        92,
        93
      ]
    },
    {
      "matrix": [
        -0.9431807068193375,
        -0.0679525636594819,
        0.3252578749326495,
        0,
        0.3283648526235509,
        -0.04078194892875974,
        0.9436701754488933,
        0,
        -0.05086015530251926,
        0.9968547142985007,
        0.060777979032696924,
        0,
        2.455108404159546,
        2.2715163230895996,
        5.949556827545166,
        1
      ],
      "name": "Point001",
      "extras": {
        "name": "Point.001"
      },
      "extensions": {
        "KHR_lights_punctual": {
          "light": 2
        }
      }
    },
    {
      "name": "Cylinder001_1",
      "mesh": 9
    },
    {
      "name": "Cylinder001_2",
      "mesh": 10
    },
    {
      "name": "Cylinder001_3",
      "mesh": 11
    },
    {
      "matrix": [
        0.10511831011440863,
        0.015055448493549645,
        -0.0013659251880670483,
        0,
        -0.04495791666951088,
        0.31392602931755903,
        0.0002906005505632547,
        0,
        0.001365924996012691,
        0.0000973159196737079,
        0.10619092715128586,
        0,
        13.707245826721191,
        1.2697789669036865,
        22.0521297454834,
        1
      ],
      "name": "Cylinder003",
      "extras": {
        "name": "Cylinder.003"
      },
      "children": [
        96,
        97,
        98
      ]
    },
    {
      "matrix": [
        1,
        0,
        0,
        0,
        0,
        -1.3435885655173873e-7,
        -1.0000001343588565,
        0,
        0,
        1.0000001343588565,
        -1.3435885655173873e-7,
        0,
        13.489156723022461,
        2.289128541946411,
        22.029897689819336,
        1
      ],
      "name": "Point003",
      "extras": {
        "name": "Point.003"
      },
      "extensions": {
        "KHR_lights_punctual": {
          "light": 3
        }
      }
    },
    {
      "name": "Cylinder001_1",
      "mesh": 9
    },
    {
      "name": "Cylinder001_2",
      "mesh": 10
    },
    {
      "name": "Cylinder001_3",
      "mesh": 11
    },
    {
      "matrix": [
        0.10511831011440863,
        0.015055448493549645,
        -0.0013659251880670483,
        0,
        -0.04495791666951088,
        0.31392602931755903,
        0.0002906005505632547,
        0,
        0.001365924996012691,
        0.0000973159196737079,
        0.10619092715128586,
        0,
        9.707244873046875,
        1.2697789669036865,
        18.108814239501953,
        1
      ],
      "name": "Cylinder004",
      "extras": {
        "name": "Cylinder.004"
      },
      "children": [
        101,
        102,
        103
      ]
    },
    {
      "matrix": [
        1,
        0,
        0,
        0,
        0,
        -1.3435885655173873e-7,
        -1.0000001343588565,
        0,
        0,
        1.0000001343588565,
        -1.3435885655173873e-7,
        0,
        9.573036193847656,
        2.1908211708068848,
        18.105754852294922,
        1
      ],
      "name": "Point004",
      "extras": {
        "name": "Point.004"
      },
      "extensions": {
        "KHR_lights_punctual": {
          "light": 4
        }
      }
    },
    {
      "name": "Cylinder001_1",
      "mesh": 9
    },
    {
      "name": "Cylinder001_2",
      "mesh": 10
    },
    {
      "name": "Cylinder001_3",
      "mesh": 11
    },
    {
      "matrix": [
        -0.09031277904799044,
        0.020815829860125458,
        0.05185264303053227,
        0,
        0.07117755056527976,
        0.3090381838358241,
        -0.00008955874462138567,
        0,
        -0.05053560160321597,
        0.011612480813114357,
        -0.09268059959216324,
        0,
        2.2296395301818848,
        1.2756468057632446,
        25.929630279541016,
        1
      ],
      "name": "Cylinder005",
      "extras": {
        "name": "Cylinder.005"
      },
      "children": [
        106,
        107,
        108
      ]
    },
    {
      "matrix": [
        -0.9431807068193375,
        -0.0679525636594819,
        0.3252578749326495,
        0,
        0.3283648526235509,
        -0.04078194892875974,
        0.9436701754488933,
        0,
        -0.05086015530251926,
        0.9968547142985007,
        0.060777979032696924,
        0,
        2.455108404159546,
        2.2715163230895996,
        25.949556350708008,
        1
      ],
      "name": "Point005",
      "extras": {
        "name": "Point.005"
      },
      "extensions": {
        "KHR_lights_punctual": {
          "light": 5
        }
      }
    },
    {
      "matrix": [
        1,
        0,
        0,
        0,
        0,
        1,
        0,
        0,
        0,
        0,
        1,
        0,
        4,
        0,
        2,
        1
      ],
      "name": "Plane",
      "extras": {
        "name": "Plane"
      },
      "mesh": 12
    },
    {
      "matrix": [
        1,
        0,
        0,
        0,
        0,
        1,
        0,
        0,
        0,
        0,
        1,
        0,
        12,
        0,
        2,
        1
      ],
      "name": "Plane007",
      "extras": {
        "name": "Plane.007"
      },
      "mesh": 13
    },
    {
      "matrix": [
        1,
        0,
        0,
        0,
        0,
        1,
        0,
        0,
        0,
        0,
        1,
        0,
        8,
        0,
        6,
        1
      ],
      "name": "Plane009",
      "extras": {
        "name": "Plane.009"
      },
      "mesh": 14
    },
    {
      "matrix": [
        1,
        0,
        0,
        0,
        0,
        1,
        0,
        0,
        0,
        0,
        1,
        0,
        8,
        0,
        10,
        1
      ],
      "name": "Plane010",
      "extras": {
        "name": "Plane.010"
      },
      "mesh": 15
    },
    {
      "matrix": [
        1,
        0,
        0,
        0,
        0,
        1,
        0,
        0,
        0,
        0,
        1,
        0,
        12,
        0,
        10,
        1
      ],
      "name": "Plane011",
      "extras": {
        "name": "Plane.011"
      },
      "mesh": 16
    },
    {
      "matrix": [
        1,
        0,
        0,
        0,
        0,
        1,
        0,
        0,
        0,
        0,
        1,
        0,
        8,
        0,
        18,
        1
      ],
      "name": "Plane004",
      "extras": {
        "name": "Plane.004"
      },
      "mesh": 15
    },
    {
      "matrix": [
        1,
        0,
        0,
        0,
        0,
        1,
        0,
        0,
        0,
        0,
        1,
        0,
        4,
        0,
        22,
        1
      ],
      "name": "Plane005",
      "extras": {
        "name": "Plane.005"
      },
      "mesh": 12
    },
    {
      "matrix": [
        1,
        0,
        0,
        0,
        0,
        1,
        0,
        0,
        0,
        0,
        1,
        0,
        12,
        0,
        22,
        1
      ],
      "name": "Plane008",
      "extras": {
        "name": "Plane.008"
      },
      "mesh": 13
    },
    {
      "matrix": [
        1,
        0,
        0,
        0,
        0,
        1,
        0,
        0,
        0,
        0,
        1,
        0,
        8,
        0,
        26,
        1
      ],
      "name": "Plane012",
      "extras": {
        "name": "Plane.012"
      },
      "mesh": 14
    },
    {
      "name": "Plane021_1",
      "mesh": 17
    },
    {
      "name": "Plane021_2",
      "mesh": 18
    },
    {
      "matrix": [
        1,
        0,
        0,
        0,
        0,
        1,
        0,
        0,
        0,
        0,
        1,
        0,
        8,
        0,
        2,
        1
      ],
      "name": "Plane014",
      "extras": {
        "name": "Plane.014"
      },
      "children": [
        120,
        121
      ]
    },
    {
      "name": "Plane022_1",
      "mesh": 19
    },
    {
      "name": "Plane022_2",
      "mesh": 20
    },
    {
      "matrix": [
        1,
        0,
        0,
        0,
        0,
        1,
        0,
        0,
        0,
        0,
        1,
        0,
        4,
        0,
        10,
        1
      ],
      "name": "Plane015",
      "extras": {
        "name": "Plane.015"
      },
      "children": [
        123,
        124
      ]
    },
    {
      "name": "Plane021_1",
      "mesh": 17
    },
    {
      "name": "Plane021_2",
      "mesh": 18
    },
    {
      "matrix": [
        1,
        0,
        0,
        0,
        0,
        1,
        0,
        0,
        0,
        0,
        1,
        0,
        12,
        0,
        6,
        1
      ],
      "name": "Plane017",
      "extras": {
        "name": "Plane.017"
      },
      "children": [
        126,
        127
      ]
    },
    {
      "name": "Plane022_1",
      "mesh": 19
    },
    {
      "name": "Plane022_2",
      "mesh": 20
    },
    {
      "matrix": [
        1,
        0,
        0,
        0,
        0,
        1,
        0,
        0,
        0,
        0,
        1,
        0,
        4,
        0,
        6,
        1
      ],
      "name": "Plane018",
      "extras": {
        "name": "Plane.018"
      },
      "children": [
        129,
        130
      ]
    },
    {
      "name": "Plane021_1",
      "mesh": 17
    },
    {
      "name": "Plane021_2",
      "mesh": 18
    },
    {
      "matrix": [
        1,
        0,
        0,
        0,
        0,
        1,
        0,
        0,
        0,
        0,
        1,
        0,
        8,
        0,
        14,
        1
      ],
      "name": "Plane002",
      "extras": {
        "name": "Plane.002"
      },
      "children": [
        132,
        133
      ]
    },
    {
      "name": "Plane021_1",
      "mesh": 17
    },
    {
      "name": "Plane021_2",
      "mesh": 18
    },
    {
      "matrix": [
        1,
        0,
        0,
        0,
        0,
        1,
        0,
        0,
        0,
        0,
        1,
        0,
        8,
        0,
        22,
        1
      ],
      "name": "Plane019",
      "extras": {
        "name": "Plane.019"
      },
      "children": [
        135,
        136
      ]
    },
    {
      "name": "Plane021_1",
      "mesh": 17
    },
    {
      "name": "Plane021_2",
      "mesh": 18
    },
    {
      "matrix": [
        1,
        0,
        0,
        0,
        0,
        1,
        0,
        0,
        0,
        0,
        1,
        0,
        12,
        0,
        26,
        1
      ],
      "name": "Plane021",
      "extras": {
        "name": "Plane.021"
      },
      "children": [
        138,
        139
      ]
    },
    {
      "name": "Plane022_1",
      "mesh": 19
    },
    {
      "name": "Plane022_2",
      "mesh": 20
    },
    {
      "matrix": [
        1,
        0,
        0,
        0,
        0,
        1,
        0,
        0,
        0,
        0,
        1,
        0,
        4,
        0,
        26,
        1
      ],
      "name": "Plane022",
      "extras": {
        "name": "Plane.022"
      },
      "children": [
        141,
        142
      ]
    },
    {
      "matrix": [
        1,
        0,
        0,
        0,
        0,
        1,
        0,
        0,
        0,
        0,
        1,
        0,
        7,
        2.5,
        -5,
        1
      ],
      "name": "Door_and_hole002",
      "extras": {
        "name": "Door and hole.002"
      }
    },
    {
      "name": "Cube010_1",
      "mesh": 21
    },
    {
      "name": "Cube010_2",
      "mesh": 22
    },
    {
      "matrix": [
        1,
        0,
        0,
        0,
        0,
        1,
        0,
        0,
        0,
        0,
        1,
        0,
        6,
        1.4893916845321655,
        20,
        1
      ],
      "name": "Door_and_hole004",
      "extras": {
        "name": "Door and hole.004"
      },
      "children": [
        145,
        146
      ]
    },
    {
      "matrix": [
        0.9647627213743116,
        0,
        -0.2631214330199505,
        0,
        0,
        1,
        0,
        0,
        0.2631214330199505,
        0,
        0.9647627213743116,
        0,
        -4,
        0.6061643958091736,
        4.9608964920043945,
        1
      ],
      "name": "Barrel",
      "extras": {
        "name": "Barrel"
      }
    },
    {
      "matrix": [
        1,
        0,
        0,
        0,
        0,
        1,
        0,
        0,
        0,
        0,
        1,
        0,
        -4.86636209487915,
        1.8061645030975342,
        4.741980075836182,
        1
      ],
      "name": "Barrel001",
      "extras": {
        "name": "Barrel.001"
      }
    },
    {
      "matrix": [
        1,
        0,
        0,
        0,
        0,
        1,
        0,
        0,
        0,
        0,
        1,
        0,
        -5.318182945251465,
        0.6061643958091736,
        5.363360404968262,
        1
      ],
      "name": "Barrel002",
      "extras": {
        "name": "Barrel.002"
      }
    },
    {
      "matrix": [
        1,
        0,
        0,
        0,
        0,
        1,
        0,
        0,
        0,
        0,
        1,
        0,
        -5.006754398345947,
        0.6061643958091736,
        4.036877155303955,
        1
      ],
      "name": "Barrel003",
      "extras": {
        "name": "Barrel.003"
      }
    },
    {
      "name": "Cylinder003_1",
      "mesh": 23
    },
    {
      "name": "Cylinder003_2",
      "mesh": 24
    },
    {
      "matrix": [
        0.8383261090492553,
        0,
        -0.5451690913968505,
        0,
        0,
        1,
        0,
        0,
        0.5451690913968505,
        0,
        0.8383261090492553,
        0,
        4.521183013916016,
        0.6061643958091736,
        3.4431238174438477,
        1
      ],
      "name": "Barrel004",
      "extras": {
        "name": "Barrel.004"
      },
      "children": [
        152,
        153
      ]
    },
    {
      "name": "Cylinder003_1",
      "mesh": 23
    },
    {
      "name": "Cylinder003_2",
      "mesh": 24
    },
    {
      "matrix": [
        0.95223143158865,
        0,
        -0.30537730396350865,
        0,
        0,
        1,
        0,
        0,
        0.30537730396350865,
        0,
        0.95223143158865,
        0,
        3.6293540000915527,
        1.8061645030975342,
        3.499232053756714,
        1
      ],
      "name": "Barrel005",
      "extras": {
        "name": "Barrel.005"
      },
      "children": [
        155,
        156
      ]
    },
    {
      "name": "Cylinder003_1",
      "mesh": 23
    },
    {
      "name": "Cylinder003_2",
      "mesh": 24
    },
    {
      "matrix": [
        0.95223143158865,
        0,
        -0.30537730396350865,
        0,
        0,
        1,
        0,
        0,
        0.30537730396350865,
        0,
        0.95223143158865,
        0,
        3.388871431350708,
        0.6061643958091736,
        4.22890567779541,
        1
      ],
      "name": "Barrel006",
      "extras": {
        "name": "Barrel.006"
      },
      "children": [
        158,
        159
      ]
    },
    {
      "name": "Cylinder003_1",
      "mesh": 23
    },
    {
      "name": "Cylinder003_2",
      "mesh": 24
    },
    {
      "matrix": [
        0.95223143158865,
        0,
        -0.30537730396350865,
        0,
        0,
        1,
        0,
        0,
        0.30537730396350865,
        0,
        0.95223143158865,
        0,
        3.2803456783294678,
        0.6061643958091736,
        2.8706836700439453,
        1
      ],
      "name": "Barrel007",
      "extras": {
        "name": "Barrel.007"
      },
      "children": [
        161,
        162
      ]
    },
    {
      "name": "Cylinder003_1",
      "mesh": 23
    },
    {
      "name": "Cylinder003_2",
      "mesh": 24
    },
    {
      "matrix": [
        0.2460044316173296,
        0,
        -0.9692688720344834,
        0,
        0,
        1,
        0,
        0,
        0.9692688720344834,
        0,
        0.2460044316173296,
        0,
        12.761652946472168,
        0.6061643958091736,
        21.076812744140625,
        1
      ],
      "name": "Barrel008",
      "extras": {
        "name": "Barrel.008"
      },
      "children": [
        164,
        165
      ]
    },
    {
      "name": "Cylinder003_1",
      "mesh": 23
    },
    {
      "name": "Cylinder003_2",
      "mesh": 24
    },
    {
      "matrix": [
        0.49237129065977553,
        0,
        -0.8703852625470176,
        0,
        0,
        1,
        0,
        0,
        0.8703852625470176,
        0,
        0.49237129065977553,
        0,
        12.144539833068848,
        1.8061645030975342,
        21.723093032836914,
        1
      ],
      "name": "Barrel009",
      "extras": {
        "name": "Barrel.009"
      },
      "children": [
        167,
        168
      ]
    },
    {
      "name": "Cylinder003_1",
      "mesh": 23
    },
    {
      "name": "Cylinder003_2",
      "mesh": 24
    },
    {
      "matrix": [
        0.49237129065977553,
        0,
        -0.8703852625470176,
        0,
        0,
        1,
        0,
        0,
        0.8703852625470176,
        0,
        0.49237129065977553,
        0,
        12.462915420532227,
        0.6061643958091736,
        22.42230224609375,
        1
      ],
      "name": "Barrel010",
      "extras": {
        "name": "Barrel.010"
      },
      "children": [
        170,
        171
      ]
    },
    {
      "name": "Cylinder003_1",
      "mesh": 23
    },
    {
      "name": "Cylinder003_2",
      "mesh": 24
    },
    {
      "matrix": [
        0.49237129065977553,
        0,
        -0.8703852625470176,
        0,
        0,
        1,
        0,
        0,
        0.8703852625470176,
        0,
        0.49237129065977553,
        0,
        11.46170425415039,
        0.6061643958091736,
        21.498117446899414,
        1
      ],
      "name": "Barrel011",
      "extras": {
        "name": "Barrel.011"
      },
      "children": [
        173,
        174
      ]
    },
    {
      "name": "Cylinder003_1",
      "mesh": 23
    },
    {
      "name": "Cylinder003_2",
      "mesh": 24
    },
    {
      "matrix": [
        -0.24212431745445473,
        0,
        -0.970245288220383,
        0,
        0,
        1,
        0,
        0,
        0.970245288220383,
        0,
        -0.24212431745445473,
        0,
        4.748095512390137,
        0.6061643958091736,
        21.24213981628418,
        1
      ],
      "name": "Barrel014",
      "extras": {
        "name": "Barrel.014"
      },
      "children": [
        176,
        177
      ]
    },
    {
      "name": "Cylinder003_1",
      "mesh": 23
    },
    {
      "name": "Cylinder003_2",
      "mesh": 24
    },
    {
      "matrix": [
        -0.24212431745445473,
        0,
        -0.970245288220383,
        0,
        0,
        1,
        0,
        0,
        0.970245288220383,
        0,
        -0.24212431745445473,
        0,
        3.183231830596924,
        0.6061643958091736,
        21.81787872314453,
        1
      ],
      "name": "Barrel015",
      "extras": {
        "name": "Barrel.015"
      },
      "children": [
        179,
        180
      ]
    },
    {
      "matrix": [
        -0.9985123064047982,
        0,
        0.054530597352758774,
        0,
        0,
        1,
        0,
        0,
        -0.054530597352758774,
        0,
        -0.9985123064047982,
        0,
        3.101044178009033,
        0.6000884175300598,
        1.0653166770935059,
        1
      ],
      "name": "Crate003",
      "extras": {
        "name": "Crate.003"
      },
      "mesh": 25
    },
    {
      "matrix": [
        0.9966271179882625,
        0,
        0.08206331935175015,
        0,
        0,
        1,
        0,
        0,
        -0.08206331935175015,
        0,
        0.9966271179882625,
        0,
        4.367269515991211,
        0.6000884175300598,
        1.3444080352783203,
        1
      ],
      "name": "Crate004",
      "extras": {
        "name": "Crate.004"
      },
